agent_name,itr_steps,rew_mean,rew_max,rew_min
1.0,100.0,18.4,22.0,11.0
2.0,400.0,20.571428571428573,37.0,11.0
3.0,966.0,26.0,60.0,11.0
4.0,1728.0,25.875,60.0,11.0
5.0,2665.0,23.954545454545453,60.0,9.0
6.0,3798.0,22.925925925925927,60.0,9.0
7.0,5145.0,22.060606060606062,60.0,9.0
8.0,6712.0,22.027027027027028,60.0,9.0
9.0,8451.0,22.60975609756097,68.0,9.0
10.0,10510.0,22.76086956521739,68.0,9.0
11.0,12892.0,22.03846153846154,68.0,9.0
12.0,15528.0,21.266666666666666,68.0,9.0
13.0,18187.0,21.640625,68.0,9.0
14.0,21014.0,22.2089552238806,68.0,9.0
15.0,24015.0,21.78082191780822,68.0,9.0
16.0,27216.0,21.545454545454547,68.0,9.0
17.0,30617.0,21.178571428571427,68.0,9.0
18.0,34218.0,21.01111111111112,68.0,9.0
19.0,38019.0,21.170212765957448,68.0,9.0
20.0,42020.0,21.11111111111111,68.0,9.0
21.0,46221.0,21.18,68.0,9.0
22.0,50622.0,21.38,68.0,9.0
23.0,55223.0,20.31,68.0,9.0
24.0,60024.0,20.48,68.0,9.0
25.0,65025.0,21.1,68.0,9.0
26.0,70226.0,21.46,68.0,9.0
27.0,75627.0,21.55,68.0,9.0
28.0,81228.0,22.67,97.0,9.0
29.0,87029.0,23.18,97.0,9.0
30.0,93030.0,23.43,97.0,9.0
31.0,99231.0,24.58,129.0,9.0
32.0,105632.0,28.33333333333333,32.0,25.0
33.0,112233.0,37.2,64.0,25.0
34.0,119034.0,40.85714285714285,71.0,25.0
35.0,126035.0,42.11111111111112,71.0,25.0
36.0,133236.0,42.11111111111112,71.0,25.0
37.0,140637.0,49.75,177.0,19.0
38.0,148238.0,42.0,177.0,9.0
39,156039.0,40.0,46.0,34.0
40,164040.0,37.2,62.0,15.0
41,172241.0,30.25,62.0,11.0
