agent_name,itr_steps,rew_mean,rew_max,rew_min
1,1000,22.5,54.0,10.0
2,1000,21.75824175824176,60.0,9.0
3,1000,20.72,60.0,9.0
4,1000,22.53,94.0,9.0
5,1000,26.96,124.0,11.0
6,1000,31.01,124.0,10.0
7,1000,31.05,124.0,9.0
8,1000,30.21,108.0,9.0
9,1000,34.22,156.0,9.0
10,1000,38.12,156.0,9.0
11,1000,41.84,175.0,9.0
12,1000,45.53,175.0,10.0
13,1000,48.95,175.0,10.0
14,1000,48.28,175.0,10.0
15,1000,50.62,212.0,10.0
16,1000,54.81,212.0,10.0
17,1000,57.69,217.0,10.0
18,1000,64.82,463.0,10.0
19,1000,72.63,463.0,10.0
20,1000,77.52,463.0,10.0
21,1000,84.49,463.0,10.0
22,1000,90.95,463.0,10.0
23,1000,96.47,463.0,10.0
24,1000,107.69,500.0,12.0
25,1000,115.46,500.0,12.0
26,1000,117.82,500.0,12.0
27,1000,121.11,500.0,12.0
28,1000,124.11,500.0,12.0
29,1000,124.72,500.0,12.0
30,1000,130.66,500.0,12.0
31,1000,135.78,500.0,12.0
32,1000,127.51,500.0,12.0
33,1000,130.45,500.0,15.0
34,1000,140.61,500.0,15.0
35,1000,141.7,500.0,15.0
36,1000,149.13,500.0,15.0
37,1000,156.17,500.0,15.0
38,1000,155.96,500.0,15.0
39,1000,144.44,500.0,15.0
40,1000,146.46,500.0,15.0
41,1000,151.64,500.0,15.0
42,1000,156.1,500.0,16.0
43,1000,166.17,500.0,16.0
44,1000,171.29,500.0,16.0
45,1000,175.36,500.0,16.0
46,1000,175.25,500.0,16.0
47,1000,173.48,500.0,16.0
48,1000,167.43,500.0,16.0
49,1000,171.07,500.0,19.0
50,1000,168.69,500.0,19.0
51,1000,156.9,500.0,27.0
52,1000,145.04,500.0,27.0
53,1000,149.66,500.0,27.0
54,1000,154.85,500.0,27.0
55,1000,156.2,500.0,27.0
56,1000,154.91,500.0,16.0
57,1000,161.05,500.0,16.0
58,1000,165.86,500.0,16.0
59,1000,173.99,500.0,16.0
60,1000,176.06,500.0,16.0
61,1000,181.03,500.0,16.0
62,1000,181.55,500.0,16.0
63,1000,183.17,500.0,16.0
64,1000,189.12,500.0,16.0
65,1000,198.52,500.0,16.0
66,1000,203.81,500.0,16.0
67,1000,211.62,500.0,16.0
68,1000,219.33,500.0,16.0
69,1000,227.33,500.0,16.0
