agent_name,itr_steps,rew_mean,rew_max,rew_min,entropy,entropy_coeff,policy_loss,vf_loss
1.0,4000.0,21.310160427807485,78.0,9.0,0.6657688,0.0099999997764825,-0.042759225,8.91233
2.0,8000.0,41.69,126.0,10.0,0.6099838,0.0099999997764825,-0.034351487,8.943695
3.0,12000.0,72.44,321.0,11.0,0.5845477,0.0099999997764825,-0.023706546,9.573696
4.0,16000.0,105.85,500.0,11.0,0.5642023,0.0099999997764825,-0.022130836,9.782593
5.0,20000.0,141.2,500.0,11.0,0.5767929,0.0099999997764825,-0.025865937,9.877995
6.0,24000.0,175.45,500.0,11.0,0.55807215,0.0099999997764825,-0.023047462,9.898055
7.0,28000.0,209.04,500.0,11.0,0.5543559,0.0099999997764825,-0.023224635,9.919317
8.0,32000.0,245.36,500.0,11.0,0.54267323,0.0099999997764825,-0.020181082,9.904574
9.0,36000.0,285.89,500.0,11.0,0.51655155,0.0099999997764825,-0.020510552,9.892114
10.0,40000.0,320.59,500.0,11.0,0.5364628,0.0099999997764825,-0.02152533,9.889442
11.0,44000.0,500.0,500.0,500.0,0.5042596459388733,0.0099999997764825,-0.0241008307784795,9.892695426940918
12.0,48000.0,500.0,500.0,500.0,0.5381678342819214,0.0099999997764825,-0.0247569624334573,9.89174461364746
13.0,52000.0,479.24,500.0,253.0,0.5611632466316223,0.0099999997764825,-0.0257142502814531,9.84821319580078
14.0,56000.0,482.5151515151515,500.0,253.0,0.5585023164749146,0.0099999997764825,-0.0169304963201284,9.8603515625
15.0,60000.0,483.1951219512195,500.0,253.0,0.5622817277908325,0.0099999997764825,-0.0180036984384059,9.84899616241455
16.0,64000.0,485.9387755102041,500.0,253.0,0.5587098002433777,0.0099999997764825,-0.0257838647812604,9.841367721557615
17.0,68000.0,487.9122807017544,500.0,253.0,0.5429000854492188,0.0099999997764825,-0.0232198368757963,9.830615997314451
18.0,72000.0,484.6060606060606,500.0,253.0,0.5244576930999756,0.0099999997764825,-0.0201708674430847,9.819697380065918
19.0,76000.0,486.2702702702703,500.0,253.0,0.5484321117401123,0.0099999997764825,-0.0236519891768693,9.82928466796875
20.0,80000.0,484.5243902439024,500.0,247.0,0.5289961099624634,0.0099999997764825,-0.0172646697610616,9.772765159606934
21,84000.0,500.0,500.0,500.0,0.5507468581199646,0.009999999776482582,-0.02597784250974655,9.775647163391113
22,88000.0,500.0,500.0,500.0,0.5359210968017578,0.009999999776482582,-0.024368735030293465,9.738563537597656
23,92000.0,496.5,500.0,416.0,0.5782118439674377,0.009999999776482582,-0.012706192210316658,9.627378463745117
24,96000.0,497.375,500.0,416.0,0.5552507042884827,0.009999999776482582,-0.02418000064790249,9.45601749420166
25,100000.0,489.225,500.0,273.0,0.5220341682434082,0.009999999776482582,0.010114005766808987,9.235904693603516
26,104000.0,486.38775510204084,500.0,273.0,0.5166916847229004,0.009999999776482582,-0.007947234436869621,9.177653312683105
27,108000.0,487.6666666666667,500.0,273.0,0.5463846325874329,0.009999999776482582,-0.007982205599546432,6.618821620941162
28,112000.0,489.18461538461537,500.0,273.0,0.5097214579582214,0.009999999776482582,-0.01794308051466942,0.34565994143486023
29,116000.0,490.36986301369865,500.0,273.0,0.5184884667396545,0.009999999776482582,-0.00980140920728445,0.018690308555960655
30,120000.0,491.320987654321,500.0,273.0,0.5066797137260437,0.009999999776482582,0.005651495419442654,0.001237736432813108
